Aba 0 108000000 1
Abaca 0 483000 2
Abacan 0 167000 3
Aba 0 108000000 1
Abaca 0 483000 2
Abacan 0 167000 3
Abaç 0 497000 4
Abaza 0 566000 8
Abay 1 527000 6
Abayhan 1 22300 7
Abbas 1 85300000 9
Abdal 1 451000 10
Abdi 1 23900000 11
Abdullah 1 116000000 12
Abdurrahman 1 9360000 13
Abdülâlim 1 126000 14
Abdülazim 1 160000 15
Abdülaziz 1 436000 16
Abdülbaki 1 593000 17
Abdülbari 1 596000 18
Abdülbasir 1 259000 19
Abdülbasit 1 1020000 20
Abdülcabbar 1 81500 21
Abdülcebbar 1 58700 22
Abdülcelil 1 627000 23
Abdülcemal 1 11400 24
Abdülcevat 1 8210 25
Abdülezel 1 33400 26
Abdülferit 1 5660 27
Abdülfettah 1 137000 28
Abdülgaffar 1 160000 29
Abdülgaffur 1 131000 30
Abdülgafur 1 144000 31
Abdülgani 1 533000 32
Abdülhadi 1 519000 33
Abdülhak 1 326000 34
Abdülhakim 1 517000 35
Abdülhalik 1 180000 36
Abdülhalim 1 658000 37
Abdülhamit 1 381000 38
Abdülkadir 1 617000 39
Abdülkahhar 1 14300 40
Abdülkerim 1 533000 41
Abdüllâtif 1 527000 42
Abdülmecit 1 281000 43
Abdülmelik 1 123000 44
Abdülmennan 1 22900 45
Abdülmetin 1 143000 46
Abdülnasır 1 122000 47
Abdülvahap 1 413000 48
Abdülvahit 1 235000 49
Abdürrahim 1 376000 50
Abdürrahman 1 9380000 51
Abgül 0 202000 61
Abher 0 87000 62
Abıhayat 0 153000 63
Abıru 0 274000 65
Abide 0 78800000 67
Abiye 0 685000 72
Abruy 0 115000 75
Acar 0 13400000 83
Acarbegüm 0 2000 85
Acarbike 0 409000 87
Acarbüke 0 611 88
Acarhatun 0 1590 90
Acarkan 0 73300 91
Acarkatun 0 597 92
Abdürrauf 1 186000 52
Abdürreşit 1 8950 53
Abdürrezzak 1 207000 54
Abdüssamet 1 649000 55
Abdüssami 1 514 56
Abdüsselâm 1 169000 57
Abdüssemi 1 3240 58
Abdüssettar 1 45700 59
Abdüzzeki 1 405 60
Abır 1 8330000 64
Abid 1 17200000 66
Abidin 1 1680000 68
Abil 1 23400000 69
Abir 1 8290000 70
Abit 1 14600000 71
Ablak 1 9560000 73
Abraş 1 423000 74
Abuşka 1 63700 76
Abuzer 1 563000 77
Abuzettin 1 76400 78
Aca 1 117000000 79
Acabay 1 31200 80
Acabey 1 32000 81
Acahan 1 43000 82
Acaralp 1 29900 84
Acarbey 1 17000 86
Acarer 1 184000 89
Acarman 1 154000 93
Acaröz 1 24400 94
Acarsoy 1 204000 95
Acartürk 1 150000 96
Acatay 1 21700 97
Acıdaş 1 666000 98
Aclan 1 373000 99
Acun 1 502000 100
Acunal 1 29900 101
Acunbegim 0 388 104
Acunbegüm 0 466 105
Acunbike 0 1120 106
Acunbüke 0 1420 107
Acungüneş 0 2640 109
Acunışık 0 1170 110
Aça 0 5040000 113
Açalya 0 71900 114
Açangül 0 37200 115
Açelya 0 785000 116
Açılay 0 53600 122
Açkıngül 0 11600 124
Adak 0 443000 126
Adal 0 456000 127
Adalet 0 9390000 129
Adanır 0 738000 134
Adar 0 7660000 135
Adeviye 0 141000 141
Adıbelli 0 228000 142
Adıgüzel 0 1020000 144
Adışah 0 4350 148
Acunalan 1 1660 102
Acunalp 1 10800 103
Acuner 1 120000 108
Acunman 1 19300 111
Acunseven 1 814 112
Açıkalın 1 479000 117
Açıkel 1 432000 118
Açıker 1 421000 119
Açıkgün 1 18500000 120
Açıl 1 574000 121
Açine 1 258000000 123
Adahan 1 191000 125
Adalan 1 431000 128
Adalettin 1 14300 130
Adam 1 822000000 131
Adamış 1 955000 132
Adanan 1 29200000 133
Adarkan 1 7320000 136
Adasal 1 60800 137
Adaş 1 4010000 138
Aday 1 11200000 139
Âdem 1 46500000 140
Adıgün 1 34000 143
Adın 1 592000 145
Adısanlı 1 10400 146
Adısönmez 1 10400 147
Adıvar 1 452000 149
Adıyahşi 1 8770 150
Adıyaman 1 1080000 151
Adile 0 2460000 153
Adniye 0 7870000 161
Adviye 0 96600 164
Afak 0 400000 166
Afet 0 406000 168
Affan 0 423000 169
Afi 0 29900000 170
Afife 0 516000 172
Afitap 0 751000 173
Afiye 0 29900000 174
Afiyet 0 502000 175
Afra 0 588000 177
Aguş 0 149000000 183
Ağahanım 0 2380 188
Ağahatun 0 2210 189
Ağakatun 0 964 191
Ağan 0 332000 192
Ağanbegim 0 346 193
Ağanbegüm 0 1130 194
Ağanbike 0 417 195
Ağanbüke 0 436 196
Ağbacı 0 645000 202
Ağbegim 0 3880 203
Adil 1 33900000 152
Adilhan 1 372000 154
Adlan 1 463000 155
Adlı 1 29800000 156
Adlığ 1 321000 157
Adli 1 1890000 158
Adnan 1 59500000 159
Adni 1 7420000 160
Adsız 1 33900000 162
Adsoy 1 49500 163
Afacan 1 513000 165
Afer 1 7490000 167
Afif 1 442000 171
Afşar 1 1020000 179
Afşin 1 885000 180
Agâh 1 421000 181
Agil 1 1730000 182
Ağa 1 566000 184
Ağabay 1 4300 185
Ağacan 1 221000 186
Ağahan 1 420000 187
Ağakan 1 16800 190
Ağaner 1 12600 197
Ağaoğlu 1 444000 198
Ağar 1 694000 199
Ağarantan 1 823 200
Ağaverdi 1 24200 201
Ağbegüm 0 366 204
Ağbet 0 1720 205
Ağbilek 0 1280 206
Ağca 0 513000 207
Ağça 0 505000 209
Ağgül 0 126000 212
Ağış 0 199000 215
Ağkız 0 523000 216
Ahenk 0 524000 220
Ahsen 0 438000 225
Ahter 0 205000 226
Ahu 0 54100000 227
Aişe 0 457000 228
Ajda 0 396000 229
Ak 0 696000000 231
Akalın 0 1060000 240
Akanay 0 41300 244
Akarsu 0 390000 252
Ağcabey 1 7850 208
Ağçelik 1 80200 210
Ağer 1 14700000 211
Ağın 1 500000 213
Ağırtaş 1 80700 214
Ağnak 1 35100 217
Ağyar 1 115000 218
Ahen 1 375000 219
Ahfeş 1 11900 221
Ahıska 1 727000 222
Ahi 1 53600000 223
Ahmet 1 77100000 224
Ajlan 1 372000 230
Aka 1 240000000 232
Akabay 1 39800 233
Akabey 1 20700 234
Akad 1 13700000 235
Akadlı 1 13700000 236
Akağan 1 3830 237
Akal 1 9400000 238
Akalan 1 495000 239
Akalp 1 299000 241
Akaltan 1 78800 242
Akan 1 78600000 243
Akaner 1 17400 245
Akansu 1 283000 246
Akant 1 386000 247
Akanyıldız 1 58600 248
Akarca 1 575000 249
Akarçay 1 217000 250
Akarsel 1 26800 251
Akartuna 1 34700 253
Akay 0 517000 259
Akbacı 0 69500 262
Akbal 0 524000 263
Akbaşak 0 74700 266
Akcan 0 505000 287
Akça 0 562000 290
Akçagül 0 72700 293
Akçasu 0 107000 303
Akartürk 1 281000 254
Akasma 1 67200 255
Akasoy 1 56300 256
Akata 1 438000 257
Akatay 1 104000 258
Akaydın 1 687000 261
Akbaran 1 44900000 264
Akbaş 1 817000 265
Akbatu 1 448000 267
Akbatur 1 30500 268
Akbay 1 539000 269
Akbayar 1 29100 270
Akbek 1 11600 271
Akbel 1 391000 272
Akbet 1 32900 273
Akbey 1 232000 274
Akbil 1 538000 275
Akbilge 1 8650 276
Akboğa 1 219000 277
Akbora 1 20300 278
Akboy 1 108000 279
Akbörü 1 21500 280
Akbudun 1 4130 281
Akbuğ 1 817000 282
Akbulut 1 392000 283
Akburak 1 72200 284
Akburç 1 27200 285
Akburçak 1 8870 286
Akcebe 1 33400 288
Akcivan 1 2870 289
Akçabay 1 40400 291
Akçael 1 4140 292
Akçakan 1 1570 294
Akçakaya 1 423000 295
Akçakıl 1 18300 296
Akçakoca 1 563000 297
Akçal 1 234000 298
Akçalı 1 422000 300
Akçam 1 653000 301
Akçan 1 510000 302
Akçay 1 467000 304
Akçer 1 99900 305
Akçıl 0 952000 307
Akçiçek 0 394000 309
Akdes 0 70500 317
Akdolun 0 9320 326
Akel 0 403000 334
Akgül 0 408000 345
Akgüneş 0 111000 349
Akgüngör 0 84700 350
Akhanım 0 7920 352
Akçığır 1 444 306
Akçınar 1 162000 308
Akçit 1 43800 310
Akçora 1 70600 311
Akdağ 1 697000 312
Akdal 1 178000 313
Akdamar 1 551000 314
Akdemir 1 397000 315
Akdeniz 1 16700000 316
Akdik 1 158000 318
Akdiken 1 79700 319
Akdil 1 124000 320
Akdoğ 1 4800 321
Akdoğan 1 580000 322
Akdoğdu 1 19000 323
Akdoğmuş 1 20800 324
Akdoğu 1 47900 325
Akdora 1 106000 327
Akdoru 1 111000 328
Akdoruk 1 21700 329
Akdöl 1 5310 330
Akduman 1 422000 331
Akdur 1 8110000 332
Akdurmuş 1 36300 333
Aker 1 15300000 335
Akergin 1 262000 336
Akerman 1 7930000 337
Akersan 1 16200 338
Akersoy 1 16700 339
Akgil 1 6590 340
Akgiray 1 89800 341
Akgöl 1 444000 342
Akgöze 1 121000 343
Akgüç 1 143000 344
Akgün 1 387000 346
Akgündüz 1 398000 347
Akgüner 1 48700 348
Akhan 1 550000 351
Akhun 1 238000 353
Akı 1 7960000 354
Akıalp 1 1860 355
Akibe 0 74700000 368
Akide 0 474000 369
Akife 0 12000000 371
Akile 0 761000 373
Akinci 0 534000 374
Akipek 0 43500 376
Akkadın 0 649000 377
Akkar 0 426000 379
Akkız 0 111000 387
Akkor 0 50500000 388
Akkutlu 0 41700 392
Akmaral 0 531000 399
Aknur 0 342000 401
Akol 0 505000 402
Akıl 1 603000 356
Akılbek 1 3230 357
Akıllı 1 19400000 358
Akıman 1 144000 359
Akın 1 8270000 360
Akınal 1 188000 361
Akınalp 1 38800 362
Akıncı 1 416000 363
Akıncıbay 1 9420 364
Akıner 1 109000 365
Akıneri 1 49900 366
Akıntan 1 71300 367
Akif 1 12000000 370
Akil 1 1830000 372
Akip 1 485000 375
Akkan 1 930000 378
Akkaş 1 730000 380
Akkaya 1 576000 381
Akkaynak 1 64900 382
Akkemik 1 78200 383
Akkerman 1 415000 384
Akkılıç 1 184000 385
Akkın 1 2320000 386
Akköz 1 47100 389
Akkurt 1 717000 390
Akkuş 1 1080000 391
Akkuyaş 1 1080000 393
Aklan 1 546000 394
Akmaç 1 486 395
Akman 1 437000 396
Akmanalp 1 8270 397
Akmaner 1 17900 398
Akmeriç 1 15400 400
Akozan 1 19900 403
Akönder 1 4080 404
Akören 1 808000 405
Akpınar 0 844000 408
Aksarı 0 631000 413
Aksel 0 8830000 415
Aksen 0 413000 416
Akses 0 24900000 418
Akseven 0 23700 419
Aksevil 0 5760 420
Aksın 0 566000 421
Aksoy 0 10500000 422
Aksu 0 14100000 424
Aksuna 0 150000 426
Aksülün 0 2020 430
Aksüyek 0 83500 431
Aktaç 0 67700 434
Aktolun 0 99900 446
Aktuna 0 226000 448
Akün 0 240000 451
Akyıldız 0 888000 454
Aköz 1 624000 406
Akpay 1 49100 407
Akpolat 1 393000 409
Akpulat 1 70900 410
Aksal 1 1300000 411
Aksan 1 495000 412
Aksay 1 406000 414
Akser 1 376000 417
Aksöğüt 1 31400 423
Aksun 1 262000 425
Aksunar 1 1520 427
Aksuner 1 23500 428
Aksungur 1 386000 429
Akşın 1 500000 432
Akşit 1 681000 433
Aktalay 1 16700 435
Aktan 1 1210000 436
Aktar 1 12300000 437
Aktaş 1 556000 438
Aktay 1 560000 439
Aktekin 1 226000 440
Aktemür 1 224000 441
Aktı 1 693000 442
Aktürk 1 556000 443
Aktimur 1 62300 444
Aktolga 1 99600 445
Aktuğ 1 682000 447
Aktunç 1 226000 449
Aktün 1 239000 450
Akünal 1 31300 452
Akyel 1 520000 453
Akyiğit 1 65800 455
Akyipek 0 561 456
Ala 0 252000000 462
Alabegim 0 393 466
Alabegüm 0 922 467
Alabezek 0 771 468
Alageyik 0 189000 474
Alagöz 0 610000 475
Alagün 0 62700 476
Alakız 0 8910 478
Alakuş 0 344000 481
Alangoya 0 19200 488
Alanur 0 353000 490
Alapınar 0 58700 491
Alayunt 0 39200 498
Alaz 0 429000 499
Albeni 0 1950000 501
Akyol 1 428000 457
Akyön 1 65400 458
Akyurt 1 1040000 459
Akyürek 1 913000 460
Akyüz 1 419000 461
Alâattin 1 611000 463
Alabaş 1 285000 464
Alabay 1 386000 465
Alaca 1 1060000 469
Alacan 1 411000 470
Alaçam 1 835000 471
Alaçuk 1 1890 472
Aladoğan 1 51100 473
Alahan 1 527000 477
Alakoç 1 62400 479
Alakurt 1 725000 480
Alâmet 1 138000 482
Alan 1 600000000 483
Alanalp 1 79700 484
Alanay 1 118000 485
Alanbay 1 395000 486
Alaner 1 36800 487
Alangu 1 86000 489
Alat 1 28700000 492
Alatan 1 526000 493
Alataş 1 820000 494
Alatay 1 77400 495
Alay 1 3630000 496
Alaybey 1 555000 497
Albayrak 1 732000 500
Albora 1 373000 502
Alburak 1 46300 503
Alcan 1 6390000 504
Alçık 1 97000 505
Alçiçek 0 111000 508
Alçin 0 521000 509
Aldeniz 0 274000 511
Alemşah 0 81600 516
Âlemşah 0 40900 517
Âlemtap 0 457 518
Alev 0 505000 519
Alevnaz 0 2280 520
Algış 0 531000 523
Algül 0 423000 527
Algün 0 619000 528
Alım 0 813000 531
Alımlı 0 408000 533
Alıncak 0 104000 534
Alışık 0 452000 535
Alışın 0 964000 536
Alika 0 397000 539
Alime 0 19900000 541
Alipek 0 60000 542
Alisa 0 32800000 543
Alise 0 26500000 544
Aliye 0 405000 549
Alkan 0 9120000 550
Alkım 0 370000 553
Alkor 0 494000 557
Alçın 1 137000 506
Alçınsu 1 697 507
Aldemir 1 486000 510
Aldoğan 1 321000 512
Alem 1 26600000 513
Âlem 1 26500000 514
Alemdar 1 483000 515
Algan 1 420000 521
Algın 1 333000 522
Algu 1 11100000 524
Algun 1 45800000 525
Algur 1 196000 526
Alhan 1 440000 529
Alıcı 1 21300000 530
Ali 1 764000000 537
Alican 1 586000 538
Alim 1 19000000 540
Aliş 1 730000 545
Alişah 1 893000 546
Aliyar 1 381000 548
Alkaş 1 305000 551
Alkılıç 1 113000 552
Alkın 1 488000 554
Alkış 1 731000 555
Alkoç 1 354000 556
Alköz 0 2440 558
Allı 0 1960000 561
Allıkız 0 7500 562
Almabanu 0 2650 563
Almagül 0 126000 564
Almıla 0 409000 565
Almila 0 496000 566
Almile 0 79200 567
Almula 0 93900 568
Alpnur 0 32300 603
Alkun 1 5310000 559
Allahverdi 1 429000 560
Alnıaçık 1 159000 570
Alnıak 1 65300 571
Alp 1 59100000 572
Alpagu 1 127000 573
Alpağan 1 21700 574
Alpak 1 290000 575
Alpar 1 531000 576
Alparslan 1 395000 577
Alpartun 1 12900 578
Alpaslan 1 413000 579
Alpat 1 404000 580
Alpata 1 201000 581
Alpay 1 409000 582
Alpaydın 1 257000 583
Alpayer 1 33900 584
Alpbilge 1 18800 585
Alpçetin 1 29400 586
Alpdemir 1 60600 587
Alpdoğan 1 138000 588
Alper 1 20000000 589
Alperen 1 555000 590
Alpergin 1 43000 591
Alpermiş 1 5300 592
Alpertunga 1 136000 593
Alpgiray 1 83700 594
Alphan 1 477000 595
Alpkan 1 86900 596
Alpkanat 1 3290 597
Alpkartal 1 13400 598
Alpkın 1 2840 599
Alpkutlu 1 5300 600
Alpkülük 1 1690 601
Alpman 1 444000 602
Alpoğan 1 58800 604
Alpsoy 1 166000 605
Alpsü 1 19900 606
Alptekin 1 394000 607