Aba 0 108000000 1
Abaca 0 483000 2
Abacan 0 167000 3
Aba 0 108000000 1
Abaca 0 483000 2
Abacan 0 167000 3
Abaç 0 497000 4
Abaza 0 566000 8
Abay 1 527000 6
Abayhan 1 22300 7
Abbas 1 85300000 9
Abdal 1 451000 10
Abdi 1 23900000 11
Abdullah 1 116000000 12
Abdurrahman 1 9360000 13
Abdülâlim 1 126000 14
Abdülazim 1 160000 15
Abdülaziz 1 436000 16
Abdülbaki 1 593000 17
Abdülbari 1 596000 18
Abdülbasir 1 259000 19
Abdülbasit 1 1020000 20
Abdülcabbar 1 81500 21
Abdülcebbar 1 58700 22
Abdülcelil 1 627000 23
Abdülcemal 1 11400 24
Abdülcevat 1 8210 25
Abdülezel 1 33400 26
Abdülferit 1 5660 27
Abdülfettah 1 137000 28
Abdülgaffar 1 160000 29
Abdülgaffur 1 131000 30
Abdülgafur 1 144000 31
Abdülgani 1 533000 32
Abdülhadi 1 519000 33
Abdülhak 1 326000 34
Abdülhakim 1 517000 35
Abdülhalik 1 180000 36
Abdülhalim 1 658000 37
Abdülhamit 1 381000 38
Abdülkadir 1 617000 39
Abdülkahhar 1 14300 40
Abdülkerim 1 533000 41
Abdüllâtif 1 527000 42
Abdülmecit 1 281000 43
Abdülmelik 1 123000 44
Abdülmennan 1 22900 45
Abdülmetin 1 143000 46
Abdülnasır 1 122000 47
Abdülvahap 1 413000 48
Abdülvahit 1 235000 49
Abdürrahim 1 376000 50
Abdürrahman 1 9380000 51
Abgül 0 202000 61
Abher 0 87000 62
Abıhayat 0 153000 63
Abıru 0 274000 65
Abide 0 78800000 67
Abiye 0 685000 72
Abruy 0 115000 75
Acar 0 13400000 83
Acarbegüm 0 2000 85
Acarbike 0 409000 87
Acarbüke 0 611 88
Acarhatun 0 1590 90
Acarkan 0 73300 91
Acarkatun 0 597 92
Abdürrauf 1 186000 52
Abdürreşit 1 8950 53
Abdürrezzak 1 207000 54
Abdüssamet 1 649000 55
Abdüssami 1 514 56
Abdüsselâm 1 169000 57
Abdüssemi 1 3240 58
Abdüssettar 1 45700 59
Abdüzzeki 1 405 60
Abır 1 8330000 64
Abid 1 17200000 66
Abidin 1 1680000 68
Abil 1 23400000 69
Abir 1 8290000 70
Abit 1 14600000 71
Ablak 1 9560000 73
Abraş 1 423000 74
Abuşka 1 63700 76
Abuzer 1 563000 77
Abuzettin 1 76400 78
Aca 1 117000000 79
Acabay 1 31200 80
Acabey 1 32000 81
Acahan 1 43000 82
Acaralp 1 29900 84
Acarbey 1 17000 86
Acarer 1 184000 89
Acarman 1 154000 93
Acaröz 1 24400 94
Acarsoy 1 204000 95
Acartürk 1 150000 96
Acatay 1 21700 97
Acıdaş 1 666000 98
Aclan 1 373000 99
Acun 1 502000 100
Acunal 1 29900 101
Acunbegim 0 388 104
Acunbegüm 0 466 105
Acunbike 0 1120 106
Acunbüke 0 1420 107
Acungüneş 0 2640 109
Acunışık 0 1170 110
Aça 0 5040000 113
Açalya 0 71900 114
Açangül 0 37200 115
Açelya 0 785000 116
Açılay 0 53600 122
Açkıngül 0 11600 124
Adak 0 443000 126
Adal 0 456000 127
Adalet 0 9390000 129
Adanır 0 738000 134
Adar 0 7660000 135
Adeviye 0 141000 141
Adıbelli 0 228000 142
Adıgüzel 0 1020000 144
Adışah 0 4350 148
Acunalan 1 1660 102
Acunalp 1 10800 103
Acuner 1 120000 108
Acunman 1 19300 111
Acunseven 1 814 112
Açıkalın 1 479000 117
Açıkel 1 432000 118
Açıker 1 421000 119
Açıkgün 1 18500000 120
Açıl 1 574000 121
Açine 1 258000000 123
Adahan 1 191000 125
Adalan 1 431000 128
Adalettin 1 14300 130
Adam 1 822000000 131
Adamış 1 955000 132
Adanan 1 29200000 133
Adarkan 1 7320000 136
Adasal 1 60800 137
Adaş 1 4010000 138
Aday 1 11200000 139
Âdem 1 46500000 140
Adıgün 1 34000 143
Adın 1 592000 145
Adısanlı 1 10400 146
Adısönmez 1 10400 147
Adıvar 1 452000 149
Adıyahşi 1 8770 150
Adıyaman 1 1080000 151
Adile 0 2460000 153
Adniye 0 7870000 161
Adviye 0 96600 164
Afak 0 400000 166
Afet 0 406000 168
Affan 0 423000 169
Afi 0 29900000 170
Afife 0 516000 172
Afitap 0 751000 173
Afiye 0 29900000 174
Afiyet 0 502000 175
Afra 0 588000 177
Aguş 0 149000000 183
Ağahanım 0 2380 188
Ağahatun 0 2210 189
Ağakatun 0 964 191
Ağan 0 332000 192
Ağanbegim 0 346 193
Ağanbegüm 0 1130 194
Ağanbike 0 417 195
Ağanbüke 0 436 196
Ağbacı 0 645000 202
Ağbegim 0 3880 203
Adil 1 33900000 152
Adilhan 1 372000 154
Adlan 1 463000 155
Adlı 1 29800000 156
Adlığ 1 321000 157
Adli 1 1890000 158
Adnan 1 59500000 159
Adni 1 7420000 160
Adsız 1 33900000 162
Adsoy 1 49500 163
Afacan 1 513000 165
Afer 1 7490000 167
Afif 1 442000 171
Afşar 1 1020000 179
Afşin 1 885000 180
Agâh 1 421000 181
Agil 1 1730000 182
Ağa 1 566000 184
Ağabay 1 4300 185
Ağacan 1 221000 186
Ağahan 1 420000 187
Ağakan 1 16800 190
Ağaner 1 12600 197
Ağaoğlu 1 444000 198
Ağar 1 694000 199
Ağarantan 1 823 200
Ağaverdi 1 24200 201
Ağbegüm 0 366 204
Ağbet 0 1720 205
Ağbilek 0 1280 206
Ağca 0 513000 207
Ağça 0 505000 209
Ağgül 0 126000 212
Ağış 0 199000 215
Ağkız 0 523000 216
Ahenk 0 524000 220
Ahsen 0 438000 225
Ahter 0 205000 226
Ahu 0 54100000 227
Aişe 0 457000 228
Ajda 0 396000 229
Ak 0 696000000 231
Akalın 0 1060000 240
Akanay 0 41300 244
Akarsu 0 390000 252
Ağcabey 1 7850 208
Ağçelik 1 80200 210
Ağer 1 14700000 211
Ağın 1 500000 213
Ağırtaş 1 80700 214
Ağnak 1 35100 217
Ağyar 1 115000 218
Ahen 1 375000 219
Ahfeş 1 11900 221
Ahıska 1 727000 222
Ahi 1 53600000 223
Ahmet 1 77100000 224
Ajlan 1 372000 230
Aka 1 240000000 232
Akabay 1 39800 233
Akabey 1 20700 234
Akad 1 13700000 235
Akadlı 1 13700000 236
Akağan 1 3830 237
Akal 1 9400000 238
Akalan 1 495000 239
Akalp 1 299000 241
Akaltan 1 78800 242
Akan 1 78600000 243
Akaner 1 17400 245
Akansu 1 283000 246
Akant 1 386000 247
Akanyıldız 1 58600 248
Akarca 1 575000 249
Akarçay 1 217000 250
Akarsel 1 26800 251
Akartuna 1 34700 253
Akay 0 517000 259
Akbacı 0 69500 262
Akbal 0 524000 263
Akbaşak 0 74700 266
Akcan 0 505000 287
Akça 0 562000 290
Akçagül 0 72700 293
Akçasu 0 107000 303
Akartürk 1 281000 254
Akasma 1 67200 255
Akasoy 1 56300 256
Akata 1 438000 257
Akatay 1 104000 258
Akaydın 1 687000 261
Akbaran 1 44900000 264
Akbaş 1 817000 265
Akbatu 1 448000 267
Akbatur 1 30500 268
Akbay 1 539000 269
Akbayar 1 29100 270
Akbek 1 11600 271
Akbel 1 391000 272
Akbet 1 32900 273
Akbey 1 232000 274
Akbil 1 538000 275
Akbilge 1 8650 276
Akboğa 1 219000 277
Akbora 1 20300 278
Akboy 1 108000 279
Akbörü 1 21500 280
Akbudun 1 4130 281
Akbuğ 1 817000 282
Akbulut 1 392000 283
Akburak 1 72200 284
Akburç 1 27200 285
Akburçak 1 8870 286
Akcebe 1 33400 288
Akcivan 1 2870 289
Akçabay 1 40400 291
Akçael 1 4140 292
Akçakan 1 1570 294
Akçakaya 1 423000 295
Akçakıl 1 18300 296
Akçakoca 1 563000 297
Akçal 1 234000 298
Akçalı 1 422000 300
Akçam 1 653000 301
Akçan 1 510000 302
Akçay 1 467000 304
Akçer 1 99900 305
Akçıl 0 952000 307
Akçiçek 0 394000 309
Akdes 0 70500 317
Akdolun 0 9320 326
Akel 0 403000 334
Akgül 0 408000 345
Akgüneş 0 111000 349
Akgüngör 0 84700 350
Akhanım 0 7920 352
Akçığır 1 444 306
Akçınar 1 162000 308
Akçit 1 43800 310
Akçora 1 70600 311
Akdağ 1 697000 312
Akdal 1 178000 313
Akdamar 1 551000 314
Akdemir 1 397000 315
Akdeniz 1 16700000 316
Akdik 1 158000 318
Akdiken 1 79700 319
Akdil 1 124000 320
Akdoğ 1 4800 321
Akdoğan 1 580000 322
Akdoğdu 1 19000 323
Akdoğmuş 1 20800 324
Akdoğu 1 47900 325
Akdora 1 106000 327
Akdoru 1 111000 328
Akdoruk 1 21700 329
Akdöl 1 5310 330
Akduman 1 422000 331
Akdur 1 8110000 332
Akdurmuş 1 36300 333
Aker 1 15300000 335
Akergin 1 262000 336
Akerman 1 7930000 337
Akersan 1 16200 338
Akersoy 1 16700 339
Akgil 1 6590 340
Akgiray 1 89800 341
Akgöl 1 444000 342
Akgöze 1 121000 343
Akgüç 1 143000 344
Akgün 1 387000 346
Akgündüz 1 398000 347
Akgüner 1 48700 348
Akhan 1 550000 351
Akhun 1 238000 353
Akı 1 7960000 354
Akıalp 1 1860 355
Akibe 0 74700000 368
Akide 0 474000 369
Akife 0 12000000 371
Akile 0 761000 373
Akinci 0 534000 374
Akipek 0 43500 376
Akkadın 0 649000 377
Akkar 0 426000 379
Akkız 0 111000 387
Akkor 0 50500000 388
Akkutlu 0 41700 392
Akmaral 0 531000 399
Aknur 0 342000 401
Akol 0 505000 402
Akıl 1 603000 356
Akılbek 1 3230 357
Akıllı 1 19400000 358
Akıman 1 144000 359
Akın 1 8270000 360
Akınal 1 188000 361
Akınalp 1 38800 362
Akıncı 1 416000 363
Akıncıbay 1 9420 364
Akıner 1 109000 365
Akıneri 1 49900 366
Akıntan 1 71300 367
Akif 1 12000000 370
Akil 1 1830000 372
Akip 1 485000 375
Akkan 1 930000 378
Akkaş 1 730000 380
Akkaya 1 576000 381
Akkaynak 1 64900 382
Akkemik 1 78200 383
Akkerman 1 415000 384
Akkılıç 1 184000 385
Akkın 1 2320000 386
Akköz 1 47100 389
Akkurt 1 717000 390
Akkuş 1 1080000 391
Akkuyaş 1 1080000 393
Aklan 1 546000 394
Akmaç 1 486 395
Akman 1 437000 396
Akmanalp 1 8270 397
Akmaner 1 17900 398
Akmeriç 1 15400 400
Akozan 1 19900 403
Akönder 1 4080 404
Akören 1 808000 405
Akpınar 0 844000 408
Aksarı 0 631000 413
Aksel 0 8830000 415
Aksen 0 413000 416
Akses 0 24900000 418
Akseven 0 23700 419
Aksevil 0 5760 420
Aksın 0 566000 421
Aksoy 0 10500000 422
Aksu 0 14100000 424
Aksuna 0 150000 426
Aksülün 0 2020 430
Aksüyek 0 83500 431
Aktaç 0 67700 434
Aktolun 0 99900 446
Aktuna 0 226000 448
Akün 0 240000 451
Akyıldız 0 888000 454
Aköz 1 624000 406
Akpay 1 49100 407
Akpolat 1 393000 409
Akpulat 1 70900 410
Aksal 1 1300000 411
Aksan 1 495000 412
Aksay 1 406000 414
Akser 1 376000 417
Aksöğüt 1 31400 423
Aksun 1 262000 425
Aksunar 1 1520 427
Aksuner 1 23500 428
Aksungur 1 386000 429
Akşın 1 500000 432
Akşit 1 681000 433
Aktalay 1 16700 435
Aktan 1 1210000 436
Aktar 1 12300000 437
Aktaş 1 556000 438
Aktay 1 560000 439
Aktekin 1 226000 440
Aktemür 1 224000 441
Aktı 1 693000 442
Aktürk 1 556000 443
Aktimur 1 62300 444
Aktolga 1 99600 445
Aktuğ 1 682000 447
Aktunç 1 226000 449
Aktün 1 239000 450
Akünal 1 31300 452
Akyel 1 520000 453
Akyiğit 1 65800 455
Akyipek 0 561 456
Ala 0 252000000 462
Alabegim 0 393 466
Alabegüm 0 922 467
Alabezek 0 771 468
Alageyik 0 189000 474
Alagöz 0 610000 475
Alagün 0 62700 476
Alakız 0 8910 478
Alakuş 0 344000 481
Alangoya 0 19200 488
Alanur 0 353000 490
Alapınar 0 58700 491
Alayunt 0 39200 498
Alaz 0 429000 499
Albeni 0 1950000 501
Akyol 1 428000 457
Akyön 1 65400 458
Akyurt 1 1040000 459
Akyürek 1 913000 460
Akyüz 1 419000 461
Alâattin 1 611000 463
Alabaş 1 285000 464
Alabay 1 386000 465
Alaca 1 1060000 469
Alacan 1 411000 470
Alaçam 1 835000 471
Alaçuk 1 1890 472
Aladoğan 1 51100 473
Alahan 1 527000 477
Alakoç 1 62400 479
Alakurt 1 725000 480
Alâmet 1 138000 482
Alan 1 600000000 483
Alanalp 1 79700 484
Alanay 1 118000 485
Alanbay 1 395000 486
Alaner 1 36800 487
Alangu 1 86000 489
Alat 1 28700000 492
Alatan 1 526000 493
Alataş 1 820000 494
Alatay 1 77400 495
Alay 1 3630000 496
Alaybey 1 555000 497
Albayrak 1 732000 500
Albora 1 373000 502
Alburak 1 46300 503
Alcan 1 6390000 504
Alçık 1 97000 505
Alçiçek 0 111000 508
Alçin 0 521000 509
Aldeniz 0 274000 511
Alemşah 0 81600 516
Âlemşah 0 40900 517
Âlemtap 0 457 518
Alev 0 505000 519
Alevnaz 0 2280 520
Algış 0 531000 523
Algül 0 423000 527
Algün 0 619000 528
Alım 0 813000 531
Alımlı 0 408000 533
Alıncak 0 104000 534
Alışık 0 452000 535
Alışın 0 964000 536
Alika 0 397000 539
Alime 0 19900000 541
Alipek 0 60000 542
Alisa 0 32800000 543
Alise 0 26500000 544
Aliye 0 405000 549
Alkan 0 9120000 550
Alkım 0 370000 553
Alkor 0 494000 557
Alçın 1 137000 506
Alçınsu 1 697 507
Aldemir 1 486000 510
Aldoğan 1 321000 512
Alem 1 26600000 513
Âlem 1 26500000 514
Alemdar 1 483000 515
Algan 1 420000 521
Algın 1 333000 522
Algu 1 11100000 524
Algun 1 45800000 525
Algur 1 196000 526
Alhan 1 440000 529
Alıcı 1 21300000 530
Ali 1 764000000 537
Alican 1 586000 538
Alim 1 19000000 540
Aliş 1 730000 545
Alişah 1 893000 546
Aliyar 1 381000 548
Alkaş 1 305000 551
Alkılıç 1 113000 552
Alkın 1 488000 554
Alkış 1 731000 555
Alkoç 1 354000 556
Alköz 0 2440 558
Allı 0 1960000 561
Allıkız 0 7500 562
Almabanu 0 2650 563
Almagül 0 126000 564
Almıla 0 409000 565
Almila 0 496000 566
Almile 0 79200 567
Almula 0 93900 568
Alpnur 0 32300 603
Alkun 1 5310000 559
Allahverdi 1 429000 560
Alnıaçık 1 159000 570
Alnıak 1 65300 571
Alp 1 59100000 572
Alpagu 1 127000 573
Alpağan 1 21700 574
Alpak 1 290000 575
Alpar 1 531000 576
Alparslan 1 395000 577
Alpartun 1 12900 578
Alpaslan 1 413000 579
Alpat 1 404000 580
Alpata 1 201000 581
Alpay 1 409000 582
Alpaydın 1 257000 583
Alpayer 1 33900 584
Alpbilge 1 18800 585
Alpçetin 1 29400 586
Alpdemir 1 60600 587
Alpdoğan 1 138000 588
Alper 1 20000000 589
Alperen 1 555000 590
Alpergin 1 43000 591
Alpermiş 1 5300 592
Alpertunga 1 136000 593
Alpgiray 1 83700 594
Alphan 1 477000 595
Alpkan 1 86900 596
Alpkanat 1 3290 597
Alpkartal 1 13400 598
Alpkın 1 2840 599
Alpkutlu 1 5300 600
Alpkülük 1 1690 601
Alpman 1 444000 602
Alpoğan 1 58800 604
Alpsoy 1 166000 605
Alpsü 1 19900 606
Alptekin 1 394000 607
Alptoğan 1 5900 608
Alsan 0 515000 612
Alsevin 0 64200 614
Alsoy 0 66900 615
Alsu 0 537000 616
Altaç 0 142000 617
Altan 0 46100000 618
Altın 0 11400000 625
Altınay 0 480000 626
Altınbaşak 0 460000 629
Altınbike 0 280000 631
Altınçiçek 0 179000 632
Altındal 0 286000 633
Altıngül 0 730000 636
Altınhanım 0 2830 638
Altınhatun 0 427 639
Altınışık 0 756000 640
Altınışın 0 224000 641
Altıniz 0 36200 642
Altınkız 0 560000 645
Altınnur 0 101000 646
Altınsaç 0 193000 649
Altıntaç 0 99000 651
Alptuğ 1 271000 609
Alpyürek 1 6930 610
Alpyürük 1 6830 611
Alsancak 1 567000 613
Altaner 1 450000 619
Altaş 1 857000 620
Altav 1 216000 621
Altay 1 9090000 622
Altemür 1 2520 623
Alten 1 924000000 624
Altınbaran 1 12700 627
Altınbaş 1 851000 628
Altınbay 1 91800 630
Altınel 1 469000 634
Altıner 1 280000 635
Altınhan 1 31000 637
Altınkaya 1 672000 643
Altınkılıç 1 325000 644
Altınok 1 966000 647
Altınöz 1 326000 648
Altınsoy 1 478000 650
Altıntaş 1 642000 652
Altıntop 1 984000 653
Altıntuğ 1 23500 654
Altoğan 1 321000 655
Altop 1 379000 656
Altuğ 1 788000 657
Altun 1 817000000 658
Altuncan 0 30300 662
Alyipek 0 633000 668
Amber 0 302000000 671
Amile 0 4520000 673
Amine 0 59700000 674
Amiran 0 417000 676
Amire 0 9570000 677
Amre 0 478000 678
Anabacı 0 262000 679
Anabörü 0 136000 680
Anahanım 0 5460 682
Anakadın 0 446000 683
Anakız 0 412000 684
Anar 0 25500000 685
Anargül 0 24100 686
Anber 0 395000 687
Andaç 0 652000 690
Andelip 0 50600 692
Angın 0 3420000 697
Anıl 0 510000 702
Anka 0 21200000 704
Altuna 1 466000 659
Altunay 1 543000 660
Altunbaş 1 601000 661
Altunç 1 82900 663
Altunçağ 1 202000 664
Altuner 1 308000 665
Altunhan 1 76800 666
Altuntaş 1 770000 667
Amaç 1 2280000 669
Amanullah 1 550000 670
Amil 1 2910000 672
Amir 1 123000000 675
Anadolu 1 37900000 681
Ancı 1 5760000 688
Ançıbay 1 3690 689
Andak 1 378000 691
Andıç 1 575000 693
Andiç 1 532000 694
Angı 1 13900000 695
Angıl 1 358000 696
Angış 1 14000 698
Angıt 1 209000 699
Anı 1 814000 700
Anık 1 1310000 701
Anıt 1 535000 703
Anlı 1 809000 705
Annak 1 22900000 706
Apa 1 212000000 708
Apak 1 397000 709
Aral 0 15800000 714
Aran 0 31400000 715
Araz 0 1050000 718
Arda 0 20800000 724
Arefe 0 479000 729
Argana 0 15200000 732
Arı 0 913000 740
Arıcan 0 530000 745
Arıç 0 1080000 746
Arıel 0 131000000 747
Apakhan 1 39800 710
Apaydın 1 725000 711
Aracı 1 1710000 712
Arafat 1 18500000 713
Aras 1 34800000 716
Arat 1 543000 717
Arbaş 1 107000 719
Arbay 1 264000 720
Arbek 1 87300 721
Arca 1 37500000 722
Arcan 1 435000 723
Ardahan 1 747000 725
Ardemir 1 69000 726
Ardıç 1 861000 727
Ardıl 1 276000 728
Arel 1 447000 730
Arer 1 428000 731
Argın 1 251000 733
Argu 1 5770000 734
Arguç 1 45500 735
Argüden 1 91300 736
Argüder 1 16200 737
Argün 1 504000 738
Arhan 1 407000 739
Arıbal 1 98700 741
Arıbaş 1 110000 742
Arıboğa 1 17200 743
Arıca 1 593000 744
Arıer 1 425000 748
Arığ 1 262000 749
Arıhan 1 64700 750
Arık 1 1410000 751
Arıkal 1 42800 752
Arıkan 1 570000 753
Arıkboğa 1 39800 754
Arıker 1 21500 755
Arıkhan 1 29300 756
Arıkiz 1 22400 757
Arıkol 1 15200 758
Arıkut 1 6130 759
Arın 0 557000 762
Arınç 0 6730000 763
Arıpınar 0 67000 765
Arısu 0 606000 769
Arife 0 3120000 776
Arkay 0 4010000 780
Arkın 0 22500000 781
Armağan 0 403000 787
Arman 0 22100000 788
Armanç 0 306000 789
Arsal 0 466000 796
Arıl 1 455000 760
Arıman 1 121000 761
Arınık 1 41800 764
Arısal 1 354000 766
Arısan 1 94500 767
Arısoy 1 475000 768
Arış 1 45600000 770
Arıtan 1 172000 771
Arıtaş 1 96000 772
Arıyüz 1 871000 773
Ari 1 180000000 774
Arif 1 40900000 775
Arik 1 9910000 777
Arkadaş 1 12400000 778
Arkan 1 466000 779
Arkış 1 392000 782
Arkoç 1 31600 783
Arkun 1 412000 784
Arkut 1 280000 785
Arlan 1 9120000 786
Arna 1 12300000 790
Arol 1 463000 791
Arpad 1 710000 792
Arpağ 1 60400 793
Arpak 1 133000 794
Arpınar 1 57900 795
Arsan 1 545000 797
Arslan 1 26700000 798
Arslaner 1 159000 799
Arsoy 1 353000 800
Artaç 1 645000 801
Artam 1 353000 802
Artan 1 23300000 803
Artık 1 29000000 804
Artuç 1 180000 805
Artuk 1 693000 806
Artun 1 2300000 807
Artunç 1 94700 808
Artut 1 334000 809
Aru 0 27500000 810
Arukız 0 5820 812
Arziye 0 438000 815
Arzu 0 13300000 816
Arzugül 0 50800 817
Arzuhan 0 181000 818
Arzum 0 369000 819
Asalbegim 0 1970 822
Asalbegüm 0 1660 823
Asalet 0 490000 824
Âsan 0 13200000 826
Asena 0 392000 827
Asfer 0 249000 828
Asılbanu 0 1490 831
Asılgül 0 14300 832
Asıma 0 575000 834
Asile 0 22200000 836
Asime 0 17800000 837
Asimegül 0 676000 838
Asiye 0 383000 839
Âsiye 0 373000 840
Aslı 0 1290000 844
Aslıgül 0 60100 846
Aslıhan 0 762000 847
Aslım 0 534000 848
Aslınur 0 123000 849
Asliye 0 536000 850
Asma 0 38700000 851
Asu 0 45900000 853
Asude 0 607000 854
Asuman 0 5640000 855
Asya 0 15400000 857
Asye 0 284000 858
Aşa 0 20400000 859
Arukan 1 513000 811
Aryüz 1 882000 813
Arzık 1 80900 814
Asaf 1 9670000 820
Asal 1 17800000 821
Asan 1 13200000 825
Ası 1 2130000 829
Asıf 1 182000 830
Asım 1 529000 833
Asil 1 1270000 835
Aslan 1 28500000 841
Aslaner 1 248000 842
Aslanhan 1 284000 843
Aslıbey 1 6130 845
Asri 1 8400000 852
Asutay 1 225000 856
Aşina 0 659000 864
Aşkım 0 431000 867
Aşkın 0 1330000 868
Atagül 0 789000 882
Atanur 0 339000 899
Aşan 1 848000 860
Aşcır 1 596000 861
Âşık 1 2710000000 862
Aşır 1 531000 863
Aşir 1 456000 865
Aşkan 1 509000 866
Aşkınay 1 219000 869
Aşkıner 1 74300 870
Ata 1 172000000 871
Atâ 1 172000000 872
Ataan 1 107000 873
Atabay 1 529000 874
Atabek 1 419000 875
Atabey 1 492000 876
Atabörü 1 6430 877
Atacan 1 9320000 878
Ataç 1 471000 879
Atadan 1 1100000 880
Ataergin 1 24500 881
Atagün 1 186000 883
Atahan 1 469000 884
Atak 1 18400000 885
Atakan 1 546000 886
Ataker 1 246000 887
Atakul 1 198000 888
Atakurt 1 24900 889
Atakut 1 89000 890
Atalan 1 440000 891
Atalay 1 473000 892
Atalmış 1 36500 893
Ataman 1 545000 894
Atambay 1 77100 895
Atamer 1 345000 896
Atamtürk 1 73800 897
Ataner 1 257000 898
Ataol 1 511000 900
Ataöv 1 105000 901
Atasagun 1 150000 902
Atasan 1 51600000 903
Atasay 1 726000 904
Atasev 1 31300 905
Ataseven 1 686000 906
Atasever 1 526000 907
Atasevin 1 7200 908
Atasoy 1 386000 909
Atıfa 0 448000 922
Atıfe 0 441000 923
Atılay 0 406000 925
Âtik 0 5190000 929
Âtike 0 318000 930
Atime 0 566000 933
Atiye 0 586000 934
Âtiye 0 35500 935
Atlas 0 304000000 937
Avniye 0 8960000 950
Avunç 0 50900 952
Ay 0 256000000 953
Aya 0 58400000 954
Ayaba 0 342000 955
Ayaça 0 691000 956
Ayal 0 4320000 957
Ayaltın 0 11300000 959
Atasü 1 378000 910
Atatöre 1 1730 911
Atatuğ 1 10100 912
Atatüre 1 167000 913
Atatürk 1 30600000 914
Ataullah 1 435000 915
Ataün 1 8490 916
Atay 1 430000 917
Ateş 1 10700000 918
Atfi 1 351000 919
Atgun 1 484000 920
Atıf 1 1260000 921
Atıl 1 512000 924
Atılgan 1 608000 926
Atız 1 350000 927
Atik 1 5210000 928
Atila 1 470000 931
Atilla 1 10800000 932
Atlan 1 3730000 936
Atlı 1 385000 938
Atlığ 1 83100 939
Atlıhan 1 182000 940
Atmaca 1 389000 941
Atom 1 264000000 942
Attilâ 1 43700000 943
Atuf 1 515000 944
Avar 1 1380000 945
Avcı 1 635000 946
Avhan 1 63200 947
Avkan 1 89400 948
Avni 1 9720000 949
Avşar 1 937000 951
Ayalp 1 174000 958
Ayana 0 972000 960
Ayanfer 0 14200 962
Ayas 0 481000 963
Ayasun 0 23800 964
Ayaşan 0 11800 965
Ayataç 0 12000 967
Aybala 0 199000 970
Aybanu 0 21500 971
Aybegim 0 3770 976
Aybegüm 0 23400 977
Ayben 0 501000 979
Aybeniz 0 284000 980
Aybet 0 88700 982
Aybige 0 109000 984
Aybike 0 446000 985
Aybir 0 134000 986
Aybirgen 0 17900 987
Aybüge 0 5940 990
Aybüke 0 506000 991
Ayca 0 565000 992
Aycagül 0 17400 993
Aycahan 0 24300 994
Aycan 0 392000 995
Aycennet 0 1960000 996
Ayceren 0 12200 997
Ayça 0 691000 1000
Ayçağ 0 10500 1001
Ayçıl 0 90000 1003
Ayçiçek 0 685000 1004
Ayçil 0 108000 1005
Ayçolpan 0 3560 1006
Ayçulpan 0 3440 1007
Ayda 0 9100000 1008
Aydagül 0 39700 1009
Ayanç 1 33600 961
Ayata 1 507000 966
Ayaydın 1 779000 968
Ayaz 1 10300000 969
Aybar 1 420000 972
Aybars 1 508000 973
Aybaş 1 84600 974
Aybay 1 258000 975
Aybek 1 393000 978
Ayberk 1 861000 981
Aybey 1 335000 983
Ayboğa 1 50500 988
Aybora 1 35200 989
Aycıl 1 114000 998
Aycihan 1 20300 999
Ayçetin 1 30200 1002
Aydan 0 2280000 1010
Aydanur 0 136000 1011
Aydar 0 520000 1012
Aydeniz 0 619000 1014
Aydenk 0 26600 1015
Aydın 0 21000000 1016
Aydınay 0 51300 1018
Aydil 0 282000 1027
Aydilek 0 182000 1028
Aydinç 0 59000 1029
Aydoğan 0 689000 1030
Aydolu 0 122000 1033
Aydolun 0 21700 1034
Ayduru 0 5380 1036
Ayfer 0 391000 1039
Ayferi 0 393000 1040
Ayferim 0 391000 1041
Aygen 0 393000 1042
Aygerim 0 323000 1043
Aygök 0 5890 1044
Aygöl 0 37800 1045
Aygönenç 0 1670 1046
Aygönül 0 21400 1047
Aygül 0 603000 1050
Aygüler 0 30700 1051
Aygülhan 0 24200 1052
Aygümüş 0 32800 1053
Aygün 0 460000 1054
Aygünkız 0 2000 1056
Aygür 0 50400 1057
Aygüzel 0 76000 1058
Ayhan 0 13400000 1059
Aydemir 1 408000 1013
Aydınalp 1 261000 1017
Aydınbay 1 11100 1019
Aydınbey 1 126000 1020
Aydınel 1 120000 1021
Aydıner 1 394000 1022
Aydınol 1 34200 1023
Aydıntan 1 30000 1024
Aydıntuğ 1 32200 1025
Aydınyol 1 50200 1026
Aydoğdu 1 893000 1031
Aydoğmuş 1 591000 1032
Aydonat 1 24300 1035
Ayet 1 424000 1037
Ayetullah 1 601000 1038
Aygut 1 46800 1048
Aygutalp 1 8490 1049
Aygüner 1 20400 1055
Ayhanım 0 23600 1060
Ayhatun 0 20100 1061
Ayım 0 298000 1063
Ayımbet 0 857000 1064
Ayımşa 0 88400 1065
Ayışığı 0 586000 1066
Ayışını 0 51100 1067
Ayilkin 0 11300 1068
Aykal 0 254000 1070
Aykan 0 531000 1071
Aykaş 0 67900 1072
Aykatun 0 60900 1073
Aykız 0 109000 1075
Aykönül 0 2330 1076
Aykut 0 7480000 1079
Aykün 0 582000 1082
Ayla 0 12700000 1083
Aylan 0 438000 1084
Aylanur 0 64600 1085
Aylin 0 11700000 1086
Aymaral 0 82700 1088
Aymelek 0 137000 1089
Ayna 0 739000 1092
Aynagül 0 167000 1093
Aynıfer 0 21500 1094
Aynımah 0 18400 1095
Aynisa 0 431000 1097
Ayniye 0 220000 1098
Aynur 0 408000 1099
Aypare 0 71600 1101
Ayperi 0 207000 1103
Aypınar 0 9810 1104
Ayral 0 398000 1106
Aysal 0 658000 1108
Aysan 0 399000 1109
Ayık 1 623000 1062
Aykaç 1 638000 1069
Aykın 1 161000 1074
Aykul 1 179000 1077
Aykurt 1 359000 1078
Aykutalp 1 57800 1080
Aykutlu 1 7670000 1081
Ayman 1 22900000 1087
Aymete 1 98100 1090
Aymutlu 1 69600 1091
Ayni 1 1060000 1096
Aypar 1 110000 1100
Aypars 1 7240 1102
Aypolat 1 27600 1105
Ayrıl 1 1870000 1107
Aysel 0 516000 1110
Ayselen 0 10400 1111
Aysema 0 45700 1112
Aysen 0 1350000 1113
Ayser 0 365000 1114
Aysere 0 5650 1115
Ayseren 0 26900 1116
Aysev 0 293000 1117
Ayseven 0 43000 1118
Aysevil 0 12800 1120
Aysevim 0 8850 1121
Aysılu 0 3750 1123
Aysın 0 1640000 1124
Aysim 0 507000 1125
Aysima 0 455000 1126
Aysine 0 97900 1127
Aysoy 0 84400 1128
Aysu 0 476000 1129
Aysuda 0 12400000 1130
Aysultan 0 41500 1131
Aysun 0 520000 1132
Aysuna 0 12400000 1133
Aysunar 0 6950 1134
Aysunay 0 24800 1135
Ayşan 0 384000 1138
Ayşe 0 17800000 1139
Ayşecan 0 95000 1140
Ayşedudu 0 39000 1141
Ayşegül 0 418000 1142
Ayşehan 0 35100 1143
Ayşen 0 649000 1144
Ayşenur 0 615000 1145
Ayşıl 0 55000 1146
Ayşın 0 500000 1147
Ayşim 0 101000 1148
Ayşin 0 532000 1149
Ayşirin 0 18600 1150
Ayşöhret 0 2810 1151
Aytaç 0 435000 1152
Aytan 0 1620000 1153
Aytek 0 506000 1155
Aytemiz 0 379000 1157
Ayten 0 404000 1159
Aysever 1 644000 1119
Aysevin 1 321000 1122
Aysungur 1 11800 1136
Aysü 1 11800 1137
Aytar 1 461000 1154
Aytekin 1 395000 1156
Aytemur 1 362000 1158
Ayterim 0 4910 1160
Aytirim 0 1540000 1164
Aytolun 0 68400 1166
Aytop 0 68800 1167
Aytöre 0 74900 1168
Aytöz 0 2730 1169
Aytuğ 0 805000 1170
Aytuna 0 85600 1171
Aytutkun 0 5120 1175
Aytül 0 482000 1176
Aytün 0 500000 1177
Aytürk 0 212000 1178
Ayulduz 0 64600 1179
Ayülger 0 3650 1180
Ayülker 0 6430 1181
Ayver 0 352000 1184
Ayverdi 0 333000 1185
Ayyalap 0 774 1186
Ayyalın 0 1770 1187
Ayyarkın 0 7850 1188
Ayyaruk 0 3090 1189
Ayyıldız 0 790000 1190
Ayyuca 0 441000 1191
Ayyüce 0 148000 1192
Ayyüz 0 6130 1193
Ayzıt 0 23300 1194
Ayzühre 0 602000 1195
Azade 0 472000 1196
Azelya 0 82400 1202
Azer 0 6970000 1203
Azime 0 1330000 1206
Âzime 0 399000 1207
Azize 0 91100000 1209
Aytış 1 63500 1161
Aytigin 1 9960 1162
Aytimur 1 143000 1163
Aytok 1 82000 1165
Aytunca 1 14700 1172
Aytunç 1 395000 1173
Aytunga 1 8660 1174
Ayün 1 440000 1182
Ayvaz 1 439000 1183
Azadi 1 6690000 1197
Azam 1 21600000 1198
Azamet 1 345000 1199
Azamettin 1 9230 1200
Azat 1 390000 1201
Azim 1 10700000 1205
Aziz 1 89400000 1208
Azmi 1 11000000 1210
Azmidil 0 4560 1211
Azra 0 6580000 1214
Azze 0 412000 1216
Bacı 0 532000 1222
Bade 0 33400000 1223
Badegül 0 68000 1224
Badiye 0 17900000 1225
Bağdagül 0 110000 1228
Bağlan 0 2480000 1233
Bahar 0 27600000 1238
Bâhire 0 358000 1242
Bahise 0 198000 1243
Bahriye 0 861000 1245
Bahtınur 0 61600 1249
Bahtıser 0 7950 1250
Bahtışen 0 60300 1251
Bahtiyar 0 388000 1253
Bakanay 0 62300 1254
Bakinaz 0 17300 1258
Bakiye 0 3230000 1259
Azmun 1 80900 1212
Aznavur 1 162000 1213
Azrak 1 382000 1215
Babacan 1 410000 1217
Babaç 1 367000 1218
Babayiğit 1 588000 1219
Babür 1 750000 1220
Babürşah 1 359000 1221
Bağatur 1 86600 1226
Bağdaç 1 336000 1227
Bağdaş 1 336000 1229
Bağır 1 1090000 1230
Bağış 1 691000 1231
Bağışhan 1 5860 1232
Baha 1 20600000 1234
Bahadır 1 456000 1235
Bahadırhan 1 94800 1236
Bahai 1 542000 1237
Bahattin 1 454000 1239
Bahir 1 387000 1240
Bâhir 1 397000 1241
Bahri 1 23100000 1244
Bahşı 1 395000 1248
Bahti 1 494000 1252
Bakır 1 397000 1255
Bakırhan 1 142000 1256
Baki 1 21600000 1257
Baksı 1 406000 1260
Bala 1 61300000 1261
Balâ 1 61400000 1262
Balca 0 391000 1273
Baldan 0 182000000 1275
Balım 0 690000 1282
Balın 0 195000000 1283
Balkı 0 380000 1287
Balkın 0 510000 1288
Balkır 0 287000 1289
Balkız 0 205000 1291
Ballı 0 12900000 1293
Balsarı 0 86900 1295
Balşeker 0 451000 1296
Banu 0 13100000 1300
Banuhan 0 36900 1301
Barçın 0 287000 1311
Balaban 1 2840000 1263
Balâbey 1 370 1264
Balaman 1 443000 1265
Balamir 1 403000 1266
Balatekin 1 54100 1267
Balatürk 1 7400 1268
Balaz 1 536000 1269
Balbal 1 783000 1270
Balbay 1 768000 1271
Balbey 1 169000 1272
Balcan 1 451000 1274
Baldemir 1 158000 1276
Baler 1 31200000 1277
Balhan 1 111000 1278
Balı 1 147000000 1279
Balıbaş 1 17300 1280
Balıbey 1 304000 1281
Balibey 1 258000 1284
Balk 1 14300000 1285
Balkan 1 60300000 1286
Balkış 1 442000 1290
Balkoç 1 3560 1292
Balsan 1 25900000 1294
Baltaş 1 375000 1297
Bandak 1 349000 1298
Bangu 1 16700000 1299
Barak 1 1230000000 1302
Baran 1 50100000 1303
Baranalp 1 42100 1304
Baranbilge 1 4930 1305
Baransel 1 302000 1306
Baray 1 412000 1307
Barbaros 1 3240000 1308
Barça 1 45100000 1309
Barçak 1 142000 1310
Barım 1 340000 1312
Barış 0 16200000 1314
Baria 0 390000 1316
Barika 0 472000 1318
Barkın 0 521000 1321
Basıra 0 10800 1331
Basiret 0 389000 1333
Basriye 0 34700 1338
Başar 0 1380000 1342
Başay 0 208000 1346
Başçık 0 53800 1350
Barın 1 2370000000 1313
Barışcan 1 189000 1315
Barik 1 416000 1317
Bariz 1 387000 1319
Barkan 1 416000 1320
Barlas 1 412000 1322
Barlık 1 2370000000 1323
Bars 1 555000000 1324
Barsbay 1 75800 1325
Barsbey 1 13400 1326
Bartu 1 525000 1327
Basa 1 133000000 1328
Basak 1 742000 1329
Basım 1 604000 1330
Basir 1 19200000 1332
Baskak 1 76000 1334
Baskan 1 1020000 1335
Baskın 1 915000 1336
Basri 1 465000 1337
Basut 1 219000 1339
Başağa 1 112000 1340
Başal 1 1060000 1341
Başargan 1 34700 1343
Başarman 1 31000 1344
Başat 1 480000 1345
Başaydın 1 7740 1347
Başbay 1 83600 1348
Başbuğ 1 669000 1349
Baştaş 1 170000 1351
Başdemir 1 156000 1352
Başdoğan 1 111000 1353
Başeğmez 1 210000 1354
Başel 1 96100000 1355
Başer 1 973000 1356
Başhan 1 1040000 1357
Başkal 1 581000 1358
Başkan 1 14200000 1359
Başkara 1 460000 1360
Başkaya 1 1270000 1361
Başkaynak 1 87800 1362
Batı 0 9170000 1375
Başkur 1 50500 1363
Başkurt 1 496000 1364
Başkut 1 108000 1365
Başman 1 452000 1366
Başok 1 109000 1367
Başol 1 544000 1368
Başöz 1 152000 1369
Başsoy 1 246000 1370
Baştemir 1 10400 1371
Baştugay 1 3840 1372
Baştuğ 1 557000 1373
Baştürk 1 646000 1374
Batıbay 1 802000 1376
Batıbey 1 16300 1377
Batıcan 1 436000 1378
Batıhan 1 63900 1379
Batır 1 8410000 1380
Batıray 1 82300 1381
Batırhan 1 26700 1382
Battal 1 409000 1383
Batu 1 29400000 1384
Batucem 1 4920 1385
Batuhan 1 6670000 1386
Batur 1 10700000 1387
Baturalp 1 246000 1388
Baturay 1 580000 1389
Baturhan 1 47000 1390
Bayar 1 20100000 1391
Baybars 1 424000 1393
Baybaş 1 82700 1394
Baybek 1 49600 1395
Baybora 1 143000 1396
Baybörü 1 37500 1397
Baycan 1 415000 1398
Bayça 1 1330000 1399
Baydoğan 1 77400 1400
Baydu 1 64400 1401
Baydur 1 1180000000 1402
Bayduralp 1 7770 1403
Bayer 1 99300000 1404
Bayezit 1 252000 1405
Baygüç 1 194000 1406
Bayhan 1 564000 1407
Bayhun 1 9730 1408
Bayık 1 904000 1409
Bayın 1 1180000000 1410
Bayındır 1 664000 1411
Bayır 1 620000 1412
Bayırhan 1 8930 1413
Baylan 0 441000 1425
Baysal 0 403000 1437
Bedia 0 393000 1456
Bedirnisa 0 6410 1461
Bedreka 0 7380 1464
Behnane 0 10200 1481
Baykal 1 442000 1414
Baykam 1 436000 1415
Baykan 1 455000 1416
Baykara 1 460000 1417
Baykır 1 14500 1418
Baykoca 1 39900 1419
Baykor 1 9700 1420
Baykul 1 89500 1421
Baykurt 1 262000 1422
Baykut 1 157000 1423
Baykutay 1 6010 1424
Bayman 1 476000 1426
Bayol 1 370000 1427
Bayrak 1 16600000 1428
Bayraktar 1 547000 1429
Bayram 1 17300000 1430
Bayrı 1 385000 1431
Bayru 1 81300 1432
Bayrualp 1 246000 1433
Bayrubay 1 4600 1434
Bayruhan 1 2650 1435
Bayruk 1 7760 1436
Baysan 1 458000 1438
Baysoy 1 199000 1439
Baysu 1 121000 1440
Baysungur 1 59500 1441
Baytal 1 440000 1442
Baytaş 1 252000 1443
Baytekin 1 269000 1444
Baytimur 1 40600 1445
Baytok 1 210000 1446
Baytugay 1 3650 1447
Baytüze 1 1620 1448
Baytüzün 1 1350 1449
Bayuk 1 299000 1450
Bayülken 1 101000 1451
Bayyiğit 1 31800 1452
Bedirhan 1 424000 1460
Behnan 1 235000 1480
Behram 1 575000 1482
Behzat 1 3770000 1483
Bekâm 1 21000 1485
Bekata 1 147000 1486
Bekbars 1 58600 1487
Belma 0 405000 1512
Benan 0 579000 1516
Benay 0 409000 1517
Bengisan 0 529000 1528
Bengühan 0 32900 1533
Benian 0 402000 1535
Berat 0 21200000 1546
Bergüzar 0 987000 1555
Beria 0 410000 1557
Berna 0 29400000 1587
Berrak 0 410000 1588
Berran 0 174000 1589
Besalet 0 52100 1594
Besamet 0 13800 1595
Beşaret 0 33000 1602
Betülay 0 46300 1613
Beyaz 0 29800000 1614
Beyhan 0 418000 1623
Beyhatun 0 25200 1624
Bekbay 1 16500 1488
Beksan 1 384000 1495
Bektaş 1 430000 1496
Beleda 1 503000 1499
Bellisan 1 29200 1511
Benal 1 406000 1514
Benam 1 503000 1515
Benazir 1 447000 1518
Bengialp 1 9780 1525
Bengibay 1 5320 1526
Bengitaş 1 6230 1531
Berkal 1 491000 1561
Berkan 1 401000 1562
Berkant 1 814000 1563
Berkay 1 1140000 1564
Berkkan 1 119000 1571
Berkman 1 3190000 1572
Berksal 1 564000 1577
Berksan 1 564000 1578
Berksay 1 5610 1579
Berktan 1 150000 1583
Bertan 1 8420000 1592
Besat 1 532000 1596
Beşarettin 1 7360 1603
Beyazıt 1 1260000 1615
Beybars 1 58600 1616
Beybolat 1 12600 1617
Beycan 1 237000 1618
Beyda 1 54100000 1619
Beydağ 1 843000 1620
Beydaş 1 35100 1621
Beylan 0 68500 1628
Beyza 0 403000 1637
Bezmiâlem 0 102000 1642
Bidar 0 492000 1644
Bidayet 0 48900 1645
Bihan 0 427000 1648
Bilay 0 285000 1655
Bilgecan 0 121000 1665
Bilgehan 0 631000 1667
Bilgivar 0 3330000 1684
Bilhan 0 372000 1688
Binay 0 718000 1708
Binhan 0 518000 1716
Binnaz 0 409000 1720
Beykal 1 38000 1625
Beykan 1 205000 1626
Beykara 1 17200 1627
Beysan 1 150000 1631
Beytullah 1 674000 1636
Beyzade 1 544000 1638
Beyzat 1 49800 1639
Bican 1 468000 1643
Bilâl 1 42200000 1653
Bilan 1 258000000 1654
Bilbaşar 1 69000 1656
Bilbay 1 101000 1657
Bileda 1 400000 1658
Bilgealp 1 11100 1663
Bilgebay 1 16800 1664
Bilgekağan 1 373000 1668
Bilgekan 1 743000 1669
Bilgetay 1 24700 1675
Bilgihan 1 108000 1679
Bilgütay 1 179000 1687
Bilkan 1 131000 1692
Bilsay 1 59500 1696
Biltaş 1 20600 1700
Biltay 1 10200 1701
Bilyap 1 25500 1702
Binal 1 742000 1703
Binali 1 905000 1704
Binalp 1 722000 1705
Binan 1 5620000 1706
Binat 1 368000 1707
Binbaşar 1 87600 1709
Binbay 1 72700 1710
Bindal 1 561000 1711
Binkan 1 234000 1719
Binyaşar 1 93300 1723
Biran 1 179000000 1725
Biray 0 900000 1727
Bircan 0 436000 1729
Birdal 0 533000 1732
Birhan 0 484000 1739
Birnaz 0 58500 1747
Birsan 0 399000 1750
Birtane 0 563000 1757
Birant 1 103000 1726
Birkan 1 552000 1743
Birtan 1 330000 1756
Boğa 1 529000 1763
Boğaç 1 295000 1764
Boğaçhan 1 230000 1765
Boğahan 1 23000 1766
Boğataş 1 548000 1767
Boğatay 1 8650 1768
Boğatekin 1 68600 1769
Boğatır 1 6390 1770
Boğatimur 1 3960 1771
Bolat 1 387000 1772
Bolcan 1 122000 1773
Bolgan 1 423000 1774
Bolhan 1 17000 1775
Bolkan 1 431000 1776
Bora 1 77700000 1779
Borahan 1 80600 1780
Borak 1 426000 1781
Borakan 1 72500 1782
Borakhan 1 3250 1783
Boran 1 450000 1784
Boranalp 1 14700 1785
Boranbay 1 21000 1786
Boransü 1 4870 1787
Borataş 1 33700 1788
Boratav 1 252000 1789
Boratay 1 20000 1790
Boray 1 373000 1791
Borkan 1 482000 1792
Boyar 1 576000 1794
Boydak 1 479000 1795
Boydaş 1 66200 1796
Boylan 1 4760000 1798
Boynak 1 40000 1800
Boyraz 1 525000 1801
Boysal 1 41800 1802
Boysan 1 324000 1803
Bozan 1 414000 1805
Bozat 1 226000 1806
Bozay 1 111000 1807
Bozbağ 1 130000 1808
Buğday 0 472000 1856
Burçak 0 713000 1878
Büldan 0 382000 1903
Bürkan 0 396000 1911
Bozbala 1 504000 1809
Bozbaş 1 187000 1810
Bozbay 1 233000 1811
Bozbora 1 16800 1813
Bozca 1 14400000 1814
Bozdağ 1 432000 1816
Bozdoğan 1 452000 1819
Bozkan 1 153000 1822
Bozkara 1 15600 1823
Bozkaya 1 446000 1824
Bozlak 1 459000 1827
Bozokay 1 4120 1829
Boztaş 1 382000 1830
Bölükbaşı 1 516000 1840
Börübars 1 20300 1845
Börübay 1 6410 1846
Börühan 1 20900 1848
Börükan 1 16600 1849
Bucak 1 437000 1850
Budak 1 3610000 1851
Budunal 1 2260 1853
Budunalp 1 1680 1854
Buğra 1 404000 1857
Buğrahan 1 556000 1858
Bukay 1 145000 1859
Bulak 1 371000 1861
Bulgan 1 438000 1862
Bulgubay 1 1450 1864
Bulgucan 1 1670 1865
Bulgunoyan 1 4930 1866
Bulutay 1 32000 1871
Buminhan 1 22000 1874
Burak 1 26200000 1875
Burçhan 1 83800 1879
Burhan 1 11000000 1881
Burhanettin 1 449000 1882
Burkay 1 581000 1883
Burukbay 1 2500 1885
Buyan 1 2460000 1888
Buyrukalp 1 1590 1890
Buyrukata 1 1350 1891
Buyrukbay 1 1160 1892
Buyrukhan 1 2020 1894
Bükay 1 146000 1899
Bünyamin 1 755000 1905
Büran 1 336000 1906
Bürran 0 335000 1913
Büşra 0 11500000 1915
Cahide 0 697000 1921
Caize 0 50900 1923
Calibe 0 228000 1924
Can 0 10130000000 1926
Cana 0 71100000 1927
Canal 0 430000000 1928
Canan 0 10180000000 1931
Canane 0 81400 1932
Canaş 0 13400000 1933
Canay 0 496000 1935
Candan 0 10160000000 1944
Candaş 0 689000 1947
Candeğer 0 81400 1948
Canel 0 424000 1951
Canfeda 0 188000 1953
Canfes 0 39700 1955
Canfeza 0 595000 1956
Canfidan 0 29300 1957
Canfide 0 20800 1958
Cangül 0 267000 1960
Cangün 0 470000 1961
Canhanım 0 9080 1963
Canıpek 0 12400 1964
Canik 0 440000 1965
Cabbar 1 521000 1918
Cabir 1 526000 1919
Cafer 1 418000 1920
Cahit 1 495000 1922
Calp 1 413000 1925
Canalp 1 557000 1929
Canaltay 1 58400 1930
Canat 1 423000 1934
Canaydın 1 222000 1936
Canbay 1 407000 1937
Canbek 1 155000 1938
Canberk 1 728000 1939
Canbey 1 169000 1940
Canbolat 1 474000 1941
Canbulat 1 329000 1942
Canda 1 10180000000 1943
Candaner 1 28800 1945
Candar 1 475000 1946
Candemir 1 719000 1949
Candoğan 1 147000 1950
Caner 1 10300000 1952
Canfer 1 88600 1954
Cangiray 1 15000 1959
Cangür 1 402000 1962
Canipek 0 184000 1967
Cankat 0 587000 1969
Cankız 0 85400 1972
Cannur 0 190000 1977
Canöz 0 151000 1980
Canözen 0 49900 1981
Canözlem 0 17400 1982
Canperver 0 6060 1983
Canrüba 0 3060 1985
Cansel 0 728000 1988
Cansen 0 421000 1989
Canser 0 471000 1990
Canses 0 632000 1991
Cansev 0 190000 1992
Canseven 0 160000 1993
Cansever 0 402000 1994
Cansın 0 1090000 1995
Cansoy 0 238000 1996
Cansu 0 470000 1997
Cansun 0 225000 1998
Cansunar 0 27000 1999
Canten 0 405000 2004
Cavidan 0 537000 2011
Canip 1 10180000000 1966
Cankan 1 537000 1968
Cankaya 1 981000 1970
Cankılıç 1 143000 1971
Cankoç 1 89200 1973
Cankorur 1 19100 1974
Cankurt 1 479000 1975
Cankut 1 200000 1976
Canol 1 400000 1978
Canören 1 18200 1979
Canpolat 1 613000 1984
Cansal 1 67200 1986
Cansay 1 102000000 1987
Cansunay 1 11100 2000
Cansuner 1 3440 2001
Cantaş 1 210000 2002
Cantekin 1 332000 2003
Cantez 1 49600 2005
Cantürk 1 782000 2006
Canyurt 1 106000 2007
Caran 1 470000 2008
Carim 1 498000 2009
Carullah 1 50300 2010
Cavit 1 399000 2012
Cavlı 1 186000000 2013
Cavuldur 1 17700 2014
Caymaz 1 453000 2015
Cazibe 0 655000 2016
Cevahir 0 618000 2065
Cevval 0 109000 2072
Cevza 0 44200 2073
Ceyda 0 430000 2074
Ceydahan 0 19800 2075
Ceyhan 0 453000 2076
Ceylân 0 12900000 2078
Cihan 0 18400000 2082
Cihanbanu 0 9220 2083
Cihanfer 0 6310 2088
Cihangül 0 28800 2090
Cihannur 0 38800 2093
Cilvekâr 0 1960 2096
Cazim 1 361000 2017
Cazip 1 471000 2018
Cebbar 1 212000 2019
Cebealp 1 1730 2021
Cebrail 1 557000 2024
Cefa 1 411000 2026
Celâdet 1 235000 2027
Celâl 1 8700000 2028
Celâlettin 1 579000 2029
Celâli 1 353000 2030
Celâsun 1 4590 2031
Celâyir 1 165000 2032
Celilay 1 9960 2034
Cemal 1 9370000 2037
Cemaleddin 1 260000 2038
Cemalettin 1 648000 2039
Cemalullah 1 27900 2040
Cemşah 1 12800 2046
Cenan 1 486000 2050
Cenani 1 80400 2051
Cenap 1 517000 2052
Cengâver 1 341000 2053
Cengizhan 1 821000 2056
Cerullah 1 5280 2062
Cevat 1 460000 2066
Cezayir 1 5270000 2079
Cezlân 1 604 2080
Cihandar 1 19700 2084
Cihandide 1 17600 2085
Cihanefruz 1 4390 2086
Cihaner 1 528000 2087
Cihangir 1 401000 2089
Cihani 1 12800000 2091
Cihanmert 1 25900 2092
Cihanşah 1 47200 2094
Cihat 1 390000 2095
Cilvenaz 0 49400 2097
Cilvesaz 0 49400 2098
Çağdaş 0 2400000 2140
Çağıl 0 561000 2141
